10 6 45 12
9 8 54 13
17 6 227 13
9 6 265 13
7 6 275 13
10 6 339 13
4 6 398 13
17 6 70 14
17 6 105 14
5 6 124 14
35 6 131 15
4 6 166 14
8 5 246 14
6 4 255 15
7 5 349 14
16 5 357 14
16 7 381 14
11 4 91 16
7 3 210 18
8 3 316 18
7 6 40 22
28 3 0 39
21 2 29 39
416 6 0 41
94 15 132 48
410 197 0 88
11 8 0 99
10 3 45 102
12 9 3 111
11 5 16 110
10 5 64 110
6 6 115 110
12 7 28 112
10 3 48 116
10 9 38 119
4 7 48 120
8 4 186 120
11 4 346 147
9 4 109 160
10 3 60 167
8 6 71 183
9 3 31 199
7 6 38 203
10 4 210 229
416 17 0 296
19 2 346 298
12 4 0 301
416 7 0 333
17 8 306 341
16 7 338 341
15 7 369 340
12 6 401 340
18 8 24 343
35 8 167 342
13 5 247 343
12 6 278 342
9 3 77 345
14 4 216 345
416 8 0 351
23 2 275 379
24 3 0 380
76 3 25 380
87 3 103 380
18 2 191 380
37 2 210 380
5 5 332 411
8 5 380 411
4 6 394 410
9 3 254 413
12 2 85 414
11 2 105 414
