10 10 8 0
9 13 21 1
10 51 55 0
7 6 0 2
8 4 118 3
10 7 33 4
23 13 92 5
6 8 105 4
7 4 5 9
6 8 122 9
6 9 29 10
15 9 73 10
8 5 0 17
6 6 19 19
9 5 8 21
7 8 47 20
25 18 77 21
7 5 38 23
8 7 67 24
7 5 118 27
13 12 15 28
6 7 37 29
16 12 70 29
10 10 47 33
10 5 35 37
18 10 91 41
7 8 0 43
8 7 30 43
6 5 112 43
8 6 23 44
15 6 75 44
12 4 10 47
9 7 77 49
21 77 56 51
9 9 0 53
8 5 18 53
5 8 89 55
6 6 82 57
10 7 107 58
9 6 52 61
11 7 93 63
13 10 0 64
5 9 40 66
8 9 73 67
9 5 82 66
12 8 10 71
7 12 31 71
5 5 123 79
9 8 0 80
7 10 9 80
6 7 48 81
17 12 76 80
10 8 96 81
10 4 30 85
4 7 62 86
5 10 1 90
15 11 24 90
10 6 76 91
10 9 50 95
40 13 78 97
9 5 42 100
10 8 29 105
5 6 6 108
14 6 14 109
20 8 29 112
6 9 23 114
9 6 53 121
7 8 95 120
6 5 17 123
4 6 104 122
